[gd_scene load_steps=12 format=3 uid="uid://jny52ktxc2bk"]

[ext_resource type="PackedScene" uid="uid://c5cfpv5ky73ss" path="res://Characters/Enemies/enemy.tscn" id="1_y55sg"]
[ext_resource type="Script" uid="uid://bd84fmdb27h58" path="res://Characters/Enemies/Anubis/anubis.gd" id="2_as6al"]
[ext_resource type="PackedScene" uid="uid://qp03moh761qi" path="res://Characters/Enemies/Anubis/Anubis.fbx" id="2_l04gf"]
[ext_resource type="PackedScene" uid="uid://cklna0ujtsslx" path="res://Characters/hit_box.tscn" id="3_as6al"]
[ext_resource type="PackedScene" uid="uid://bmv8fxwn24l11" path="res://Weapons/projectile_emitter.tscn" id="3_i5rcg"]

[sub_resource type="CapsuleShape3D" id="CapsuleShape3D_i5rcg"]
radius = 0.158838
height = 0.578619

[sub_resource type="BoxShape3D" id="BoxShape3D_c7gab"]
size = Vector3(0.20166, 0.673828, 0.327271)

[sub_resource type="CapsuleShape3D" id="CapsuleShape3D_sb5lv"]
radius = 0.0829389
height = 0.469838

[sub_resource type="CapsuleShape3D" id="CapsuleShape3D_ch2kh"]
radius = 0.0518869
height = 0.491013

[sub_resource type="CapsuleShape3D" id="CapsuleShape3D_y55sg"]
radius = 0.0692761
height = 0.724521

[sub_resource type="CapsuleShape3D" id="CapsuleShape3D_l04gf"]
radius = 0.0748437
height = 0.356571

[node name="Anubis" node_paths=PackedStringArray("animation_player") instance=ExtResource("1_y55sg")]
script = ExtResource("2_as6al")
animation_player = NodePath("Graphics/Anubis/AnimationPlayer")
attack_range = 25.0
attack_speed_modifier = 1.2

[node name="AICharacterMover" parent="." index="2"]
max_speed = 5.0

[node name="ProjectileEmitter" parent="AttackEmitter" index="0" instance=ExtResource("3_i5rcg")]
transform = Transform3D(1, 0, 0, 0, 1, 0, 0, 0, 1, 0, 0.243787, -0.996488)
projectile_type = 1

[node name="Anubis" parent="Graphics" index="0" instance=ExtResource("2_l04gf")]
transform = Transform3D(-1, 0, -8.74228e-08, 0, 1, 0, 8.74228e-08, 0, -1, 0, 0, 0)

[node name="Root" parent="Graphics/Anubis" index="0"]
transform = Transform3D(0.953004, 0.105261, 0.284085, 0.0223789, 0.910681, -0.412504, -0.302132, 0.399475, 0.865526, -0.187319, -0.0676981, -0.189558)

[node name="Skeleton3D" parent="Graphics/Anubis/Root" index="0"]
bones/1/position = Vector3(6.12613e-09, 0.103933, -6.00091e-10)
bones/1/rotation = Quaternion(0.0996789, 0.99502, -1.41969e-09, -7.52158e-08)
bones/1/scale = Vector3(1, 1, 1)
bones/2/position = Vector3(-1.57247e-08, 0.181512, 2.96227e-09)
bones/2/rotation = Quaternion(0.0980027, 0.995186, -3.62265e-09, 7.51719e-08)
bones/2/scale = Vector3(1, 1, 1)
bones/3/position = Vector3(-1.30077e-08, 0.179038, -3.34614e-10)
bones/3/rotation = Quaternion(0.11109, 0.99381, -2.91127e-10, -7.51321e-08)
bones/3/scale = Vector3(1, 1, 1)
bones/4/position = Vector3(-3.81316e-08, 0.11189, -2.15896e-09)
bones/4/rotation = Quaternion(-2.896e-09, -3.17044e-08, 0.0417332, 0.999129)
bones/4/scale = Vector3(1, 1, 1)
bones/5/position = Vector3(-2.12638e-08, 0.121645, -3.47051e-09)
bones/5/rotation = Quaternion(0.458571, -0.53825, 0.458571, 0.538249)
bones/5/scale = Vector3(1, 1, 1)
bones/6/position = Vector3(1.53027e-08, 0.122722, -0.0944763)
bones/6/rotation = Quaternion(-6.60722e-09, -2.50274e-08, -4.00733e-09, 1)
bones/6/scale = Vector3(1, 1, 1)
bones/8/position = Vector3(1.84551e-08, 0.122722, -0.127669)
bones/8/rotation = Quaternion(-6.60722e-09, -2.50274e-08, -4.00733e-09, 1)
bones/8/scale = Vector3(1, 1, 1)
bones/10/position = Vector3(-0.0419146, 0.0580115, 0.0744715)
bones/10/rotation = Quaternion(0.632486, 0.578548, 0.352513, 0.375471)
bones/10/scale = Vector3(1, 1, 1)
bones/11/position = Vector3(2.86465e-07, 0.131979, 6.97808e-09)
bones/11/rotation = Quaternion(-0.23686, 0.011328, 0.0338057, 0.970889)
bones/11/scale = Vector3(1, 1, 1)
bones/12/position = Vector3(-0.00144962, 0.339474, 0.00143626)
bones/12/rotation = Quaternion(-0.0407495, 0.0016837, -0.0412512, 0.998316)
bones/12/scale = Vector3(1, 1, 1)
bones/13/position = Vector3(4.65892e-08, 0.271145, 0.00038135)
bones/13/rotation = Quaternion(0.0358307, -3.16807e-08, -1.59983e-08, 0.999358)
bones/14/position = Vector3(-0.0117069, 0.0351408, -0.0450554)
bones/14/rotation = Quaternion(-0.276843, 0.0254812, 0.0880396, 0.956534)
bones/14/scale = Vector3(1, 1, 1)
bones/15/position = Vector3(-7.76423e-09, 0.063702, -9.36917e-08)
bones/15/rotation = Quaternion(0.11784, -0.0399418, 0.141634, 0.982068)
bones/15/scale = Vector3(1, 1, 1)
bones/16/position = Vector3(1.14112e-07, 0.056656, 3.10943e-08)
bones/16/rotation = Quaternion(0.152035, -0.0364036, -0.229993, 0.960554)
bones/16/scale = Vector3(1, 1, 1)
bones/18/position = Vector3(0.00398737, 0.103966, -0.0267265)
bones/18/rotation = Quaternion(-0.0657944, 0.000280604, 0.00425315, 0.997824)
bones/18/scale = Vector3(1, 1, 1)
bones/19/position = Vector3(-3.95388e-07, 0.0409361, -2.00875e-08)
bones/19/rotation = Quaternion(0.0107416, -0.00115393, 0.0983316, 0.995095)
bones/20/position = Vector3(3.99052e-07, 0.0379119, -2.39989e-08)
bones/20/rotation = Quaternion(0.0257174, -0.00691227, 0.0570023, 0.998019)
bones/20/scale = Vector3(1, 1, 1)
bones/21/position = Vector3(6.55378e-08, 0.037798, 1.78553e-08)
bones/21/rotation = Quaternion(0.0280399, -0.00451985, -0.159067, 0.986859)
bones/21/scale = Vector3(1, 1, 1)
bones/23/position = Vector3(-0.00115953, 0.0998256, 0.0328334)
bones/23/rotation = Quaternion(0.0438796, -0.00248627, 0.0565198, 0.997434)
bones/23/scale = Vector3(1, 1, 1)
bones/24/position = Vector3(-8.34618e-08, 0.0424881, 1.13345e-08)
bones/24/rotation = Quaternion(-0.0194917, 0.002637, 0.0212741, 0.99958)
bones/24/scale = Vector3(1, 1, 1)
bones/25/position = Vector3(1.34464e-08, 0.0351335, 1.20952e-08)
bones/25/rotation = Quaternion(0.0714784, -0.0181489, 0.0925037, 0.992978)
bones/25/scale = Vector3(1, 1, 1)
bones/26/position = Vector3(-2.31307e-07, 0.0300322, 1.12031e-08)
bones/26/rotation = Quaternion(-0.0965254, 0.0166466, -0.169126, 0.980715)
bones/26/scale = Vector3(1, 1, 1)
bones/28/position = Vector3(-0.0419143, 0.0580149, -0.0744715)
bones/28/rotation = Quaternion(-0.352513, 0.375471, -0.632486, 0.578547)
bones/28/scale = Vector3(1, 1, 1)
bones/29/position = Vector3(6.22367e-06, 0.131979, 4.98279e-08)
bones/29/rotation = Quaternion(-0.23686, -0.0113281, -0.0338063, 0.970889)
bones/29/scale = Vector3(1, 1, 1)
bones/30/position = Vector3(0.00144757, 0.339475, 0.00143627)
bones/30/rotation = Quaternion(-0.0407496, -0.00168384, 0.0412518, 0.998316)
bones/30/scale = Vector3(1, 1, 1)
bones/31/position = Vector3(2.84593e-07, 0.271145, 0.000381401)
bones/31/rotation = Quaternion(0.0358308, -4.05485e-08, -2.90836e-09, 0.999358)
bones/31/scale = Vector3(1, 1, 1)
bones/32/position = Vector3(0.0117095, 0.0351398, -0.0450554)
bones/32/rotation = Quaternion(-0.276843, -0.025481, -0.0880398, 0.956534)
bones/32/scale = Vector3(1, 1, 1)
bones/33/position = Vector3(-7.46728e-06, 0.0637013, 3.83062e-07)
bones/33/rotation = Quaternion(0.11784, 0.0399423, -0.141637, 0.982068)
bones/33/scale = Vector3(1, 1, 1)
bones/34/position = Vector3(2.47757e-07, 0.0566553, -1.92586e-07)
bones/34/rotation = Quaternion(0.152035, 0.0364035, 0.229996, 0.960553)
bones/34/scale = Vector3(1, 1, 1)
bones/36/position = Vector3(-0.00399036, 0.103966, -0.0267265)
bones/36/rotation = Quaternion(-0.0657944, -0.00028055, -0.0042532, 0.997824)
bones/36/scale = Vector3(1, 1, 1)
bones/37/position = Vector3(1.1429e-06, 0.0409358, -3.28151e-08)
bones/37/rotation = Quaternion(0.0107416, 0.00115395, -0.0983307, 0.995095)
bones/37/scale = Vector3(1, 1, 1)
bones/38/position = Vector3(2.64855e-06, 0.0379121, -6.27019e-08)
bones/38/rotation = Quaternion(0.0257175, 0.00691221, -0.057002, 0.998019)
bones/38/scale = Vector3(1, 1, 1)
bones/39/position = Vector3(-4.6171e-06, 0.0377934, -1.40645e-07)
bones/39/rotation = Quaternion(0.0280399, 0.00451978, 0.159068, 0.986859)
bones/39/scale = Vector3(1, 1, 1)
bones/41/position = Vector3(0.00115972, 0.0998249, 0.0328334)
bones/41/rotation = Quaternion(0.0438797, 0.00248648, -0.0565201, 0.997434)
bones/41/scale = Vector3(1, 1, 1)
bones/42/position = Vector3(-2.30409e-07, 0.0424881, 9.23487e-10)
bones/42/rotation = Quaternion(-0.019492, -0.00263718, -0.0212679, 0.99958)
bones/42/scale = Vector3(1, 1, 1)
bones/43/position = Vector3(1.9694e-07, 0.0351332, -6.70761e-09)
bones/43/rotation = Quaternion(0.071479, 0.0181495, -0.0925137, 0.992977)
bones/43/scale = Vector3(1, 1, 1)
bones/44/position = Vector3(8.15191e-07, 0.030031, 3.99807e-07)
bones/44/rotation = Quaternion(-0.0965254, -0.0166466, 0.169132, 0.980714)
bones/44/scale = Vector3(1, 1, 1)
bones/46/position = Vector3(-0.0269207, -0.0411577, 0.0989671)
bones/46/rotation = Quaternion(0.705871, -0.0417754, 0.704191, 0.0641591)
bones/47/position = Vector3(2.80281e-07, 0.39931, 6.09953e-09)
bones/47/rotation = Quaternion(-0.0244648, 0.644377, -0.00473589, 0.764302)
bones/47/scale = Vector3(1, 1, 1)
bones/48/position = Vector3(1.02126e-07, 0.377124, 2.42505e-06)
bones/48/rotation = Quaternion(-0.507213, 0.85767, 0.0397565, -0.0745413)
bones/48/scale = Vector3(1, 1, 1)
bones/49/position = Vector3(6.60508e-08, 0.11284, 2.58154e-07)
bones/49/rotation = Quaternion(-4.38975e-08, 1.26797e-06, -0.270016, 0.962856)
bones/49/scale = Vector3(1, 1, 1)
bones/50/position = Vector3(-1.40568e-08, 0.0729576, 1.47526e-07)
bones/50/rotation = Quaternion(0.707108, -6.19654e-08, -8.83329e-08, 0.707106)
bones/50/scale = Vector3(1, 1, 1)
bones/52/position = Vector3(-0.0269207, -0.0411577, -0.0989671)
bones/52/rotation = Quaternion(0.704191, -0.0641597, 0.705871, 0.0417748)
bones/52/scale = Vector3(1, 1, 1)
bones/53/position = Vector3(-7.32688e-09, 0.39931, -2.25319e-09)
bones/53/rotation = Quaternion(-0.0244644, -0.644374, 0.00473638, 0.764304)
bones/54/position = Vector3(2.50763e-07, 0.377123, 4.54473e-07)
bones/54/rotation = Quaternion(0.507213, 0.85767, 0.0397574, 0.0745461)
bones/54/scale = Vector3(1, 1, 1)
bones/55/position = Vector3(-4.55724e-08, 0.11284, 2.86903e-07)
bones/55/rotation = Quaternion(2.93944e-07, -1.87214e-06, 0.270016, 0.962856)
bones/55/scale = Vector3(1, 1, 1)
bones/56/position = Vector3(1.24734e-09, 0.0729575, 1.48505e-07)
bones/56/rotation = Quaternion(0.707108, -3.49841e-08, 9.03539e-08, 0.707106)
bones/56/scale = Vector3(1, 1, 1)
bones/59/position = Vector3(0.0368738, -0.114443, 0.0556941)
bones/59/rotation = Quaternion(-0.707107, 5.977e-08, 3.06187e-08, 0.707107)
bones/61/position = Vector3(0.0368738, 0.114443, 0.0556941)
bones/61/rotation = Quaternion(-1.31453e-07, 0.707107, 0.707107, -2.21405e-07)
bones/64/position = Vector3(-0.799632, 1.36094, -0.0341738)
bones/64/rotation = Quaternion(0.707107, 0.707107, 5.26156e-08, -5.39519e-08)
bones/65/position = Vector3(1.29799e-06, 1.59926, 3.48256e-09)
bones/65/rotation = Quaternion(-1.63299e-10, 1, -1.22572e-10, -7.25624e-08)
bones/67/position = Vector3(0, -1.11022e-16, 6.93889e-18)
bones/67/rotation = Quaternion(-1.25497e-11, -1.31163e-07, -2.931e-10, 1)

[node name="Head" type="BoneAttachment3D" parent="Graphics/Anubis/Root/Skeleton3D" index="1"]
transform = Transform3D(1, -8.64664e-07, -1.06159e-06, -1.07111e-06, 7.00355e-07, -1, 8.25721e-07, 1, 6.55651e-07, -5.89572e-09, 1.56911, -0.00483974)
bone_name = "head"
bone_idx = 5

[node name="HitBox" parent="Graphics/Anubis/Root/Skeleton3D/Head" index="0" instance=ExtResource("3_as6al")]
weak_spot = true

[node name="CollisionShape3D" parent="Graphics/Anubis/Root/Skeleton3D/Head/HitBox" index="0"]
transform = Transform3D(0.999965, -3.63602e-09, 1.12529e-07, 3.36603e-08, 0.963392, -0.268089, -1.07438e-07, 0.268096, 0.963358, 0.00366153, 0.0612753, -0.0849745)
shape = SubResource("CapsuleShape3D_i5rcg")

[node name="Spine" type="BoneAttachment3D" parent="Graphics/Anubis/Root/Skeleton3D" index="2"]
transform = Transform3D(-1.52355e-07, 3.21504e-09, 1, 0.0496953, 0.998764, 4.52754e-09, -0.998764, 0.0496953, -1.501e-07, -9.48631e-10, 0.979042, -0.0155288)
bone_name = "spine_01"
bone_idx = 1

[node name="HitBox" parent="Graphics/Anubis/Root/Skeleton3D/Spine" index="0" instance=ExtResource("3_as6al")]

[node name="CollisionShape3D" parent="Graphics/Anubis/Root/Skeleton3D/Spine/HitBox" index="0"]
transform = Transform3D(1, 0, 0, 0, 1, 8.88178e-16, 0, -3.32179e-13, 1, -0.0222168, 0.15625, 0.00872803)
shape = SubResource("BoxShape3D_c7gab")

[node name="UpperArmL" type="BoneAttachment3D" parent="Graphics/Anubis/Root/Skeleton3D" index="3"]
transform = Transform3D(0.082496, 0.996542, -0.00991568, 0.996591, -0.0825001, -1.7584e-07, -0.000818197, -0.00988179, -0.999951, 0.190989, 1.39039, -0.0484229)
bone_name = "UpperArm_L"
bone_idx = 11

[node name="HitBox" parent="Graphics/Anubis/Root/Skeleton3D/UpperArmL" index="0" instance=ExtResource("3_as6al")]

[node name="CollisionShape3D" parent="Graphics/Anubis/Root/Skeleton3D/UpperArmL/HitBox" index="0"]
transform = Transform3D(0.999724, 0.0235063, -0.000232049, -0.0235063, 0.999724, 2.19448e-05, 0.000232501, -1.64872e-05, 1, -0.00848091, 0.117157, -0.00115075)
shape = SubResource("CapsuleShape3D_sb5lv")

[node name="UpperArmR" type="BoneAttachment3D" parent="Graphics/Anubis/Root/Skeleton3D" index="4"]
transform = Transform3D(0.082498, -0.996542, 0.00991458, -0.996591, -0.0825021, -1.57949e-06, 0.000819527, -0.00988072, -0.999951, -0.190989, 1.39039, -0.0484228)
bone_name = "UpperArm_R"
bone_idx = 29

[node name="HitBox" parent="Graphics/Anubis/Root/Skeleton3D/UpperArmR" index="0" instance=ExtResource("3_as6al")]

[node name="CollisionShape3D" parent="Graphics/Anubis/Root/Skeleton3D/UpperArmR/HitBox" index="0"]
transform = Transform3D(0.999724, 0.0235063, -0.000232049, -0.0235063, 0.999724, 2.19448e-05, 0.000232501, -1.64872e-05, 1, -0.00848091, 0.117157, -0.00115075)
shape = SubResource("CapsuleShape3D_sb5lv")

[node name="LowerArmL" type="BoneAttachment3D" parent="Graphics/Anubis/Root/Skeleton3D" index="5"]
transform = Transform3D(-5.90602e-07, 0.997432, 0.071614, 1, 6.55081e-07, -3.25664e-07, -3.5494e-07, 0.071614, -0.997433, 0.529156, 1.36094, -0.0532125)
bone_name = "lowerarm_l"
bone_idx = 12

[node name="HitBox" parent="Graphics/Anubis/Root/Skeleton3D/LowerArmL" index="0" instance=ExtResource("3_as6al")]

[node name="CollisionShape3D" parent="Graphics/Anubis/Root/Skeleton3D/LowerArmL/HitBox" index="0"]
transform = Transform3D(1, 1.59872e-14, -8.52651e-14, -1.77636e-14, 1, 0, 8.52651e-14, -2.23517e-08, 1, -0.0176579, 0.210503, 0.00453021)
shape = SubResource("CapsuleShape3D_ch2kh")

[node name="LowerArmR" type="BoneAttachment3D" parent="Graphics/Anubis/Root/Skeleton3D" index="6"]
transform = Transform3D(1.79012e-07, -0.997432, -0.0716153, -1, -1.1714e-07, -1.57377e-06, 1.53441e-06, 0.0716152, -0.997433, -0.529157, 1.36094, -0.053212)
bone_name = "lowerarm_r"
bone_idx = 30

[node name="HitBox" parent="Graphics/Anubis/Root/Skeleton3D/LowerArmR" index="0" instance=ExtResource("3_as6al")]

[node name="CollisionShape3D" parent="Graphics/Anubis/Root/Skeleton3D/LowerArmR/HitBox" index="0"]
transform = Transform3D(0.991325, 0.0571101, -0.118379, -0.0486497, 0.996132, 0.0731684, 0.122099, -0.0667746, 0.990269, -0.0176579, 0.210503, 0.00453022)
shape = SubResource("CapsuleShape3D_ch2kh")

[node name="ThighL" type="BoneAttachment3D" parent="Graphics/Anubis/Root/Skeleton3D" index="7"]
transform = Transform3D(-0.999496, 0.0317421, 2.38641e-06, -0.0317421, -0.999496, 2.68221e-07, 2.55182e-06, 1.63913e-07, 1, 0.0989671, 0.831558, -0.0204691)
bone_name = "Thigh_L"
bone_idx = 52

[node name="HitBox" parent="Graphics/Anubis/Root/Skeleton3D/ThighL" index="0" instance=ExtResource("3_as6al")]

[node name="CollisionShape3D" parent="Graphics/Anubis/Root/Skeleton3D/ThighL/HitBox" index="0"]
transform = Transform3D(1, 1.1168e-08, 0, -7.23727e-12, 1, 0, 3.41061e-13, 0, 1, 0.00124456, 0.0391896, 2.2538e-07)
shape = SubResource("CapsuleShape3D_y55sg")

[node name="ThighR" type="BoneAttachment3D" parent="Graphics/Anubis/Root/Skeleton3D" index="8"]
transform = Transform3D(-0.999496, -0.0317403, -2.44156e-06, 0.0317403, -0.999496, 2.5332e-07, -2.29757e-06, 1.49012e-07, 1, -0.0989671, 0.831558, -0.0204691)
bone_name = "Thigh_R"
bone_idx = 46

[node name="HitBox" parent="Graphics/Anubis/Root/Skeleton3D/ThighR" index="0" instance=ExtResource("3_as6al")]

[node name="CollisionShape3D" parent="Graphics/Anubis/Root/Skeleton3D/ThighR/HitBox" index="0"]
transform = Transform3D(1, 1.1168e-08, 0, -7.23727e-12, 1, 0, 3.41061e-13, 0, 1, 0.00124456, 0.0391896, 2.2538e-07)
shape = SubResource("CapsuleShape3D_y55sg")

[node name="CalfL" type="BoneAttachment3D" parent="Graphics/Anubis/Root/Skeleton3D" index="9"]
transform = Transform3D(-0.168201, 0.00742638, 0.985725, -0.0441296, -0.999026, -3.53112e-06, 0.984764, -0.0435003, 0.168364, 0.111642, 0.432449, -0.020469)
bone_name = "calf_l"
bone_idx = 53

[node name="HitBox" parent="Graphics/Anubis/Root/Skeleton3D/CalfL" index="0" instance=ExtResource("3_as6al")]

[node name="CollisionShape3D" parent="Graphics/Anubis/Root/Skeleton3D/CalfL/HitBox" index="0"]
transform = Transform3D(1, 1.11759e-08, -4.47035e-08, 1.11759e-08, 1, 2.32831e-09, 0, -4.65661e-10, 1, 0.0106508, 0.241087, 8.9407e-08)
shape = SubResource("CapsuleShape3D_l04gf")

[node name="CalfR" type="BoneAttachment3D" parent="Graphics/Anubis/Root/Skeleton3D" index="10"]
transform = Transform3D(-0.168194, -0.00742327, -0.985726, 0.044129, -0.999026, -6.28289e-06, -0.984766, -0.0435002, 0.168357, -0.111642, 0.432449, -0.020469)
bone_name = "calf_r"
bone_idx = 47

[node name="HitBox" parent="Graphics/Anubis/Root/Skeleton3D/CalfR" index="0" instance=ExtResource("3_as6al")]

[node name="CollisionShape3D" parent="Graphics/Anubis/Root/Skeleton3D/CalfR/HitBox" index="0"]
transform = Transform3D(1, 1.11759e-08, -4.47035e-08, 1.11759e-08, 1, 2.32831e-09, 0, -4.65661e-10, 1, 0.0106508, 0.241087, 8.9407e-08)
shape = SubResource("CapsuleShape3D_l04gf")

[node name="AnimationPlayer" parent="Graphics/Anubis" index="1"]
autoplay = "Root|Idle"

[editable path="Graphics/Anubis"]
[editable path="Graphics/Anubis/Root/Skeleton3D/Head/HitBox"]
[editable path="Graphics/Anubis/Root/Skeleton3D/Spine/HitBox"]
[editable path="Graphics/Anubis/Root/Skeleton3D/UpperArmL/HitBox"]
[editable path="Graphics/Anubis/Root/Skeleton3D/UpperArmR/HitBox"]
[editable path="Graphics/Anubis/Root/Skeleton3D/LowerArmL/HitBox"]
[editable path="Graphics/Anubis/Root/Skeleton3D/LowerArmR/HitBox"]
[editable path="Graphics/Anubis/Root/Skeleton3D/ThighL/HitBox"]
[editable path="Graphics/Anubis/Root/Skeleton3D/ThighR/HitBox"]
[editable path="Graphics/Anubis/Root/Skeleton3D/CalfL/HitBox"]
[editable path="Graphics/Anubis/Root/Skeleton3D/CalfR/HitBox"]
