[gd_scene load_steps=10 format=3 uid="uid://uru0j5mfroai"]

[ext_resource type="PackedScene" uid="uid://c5cfpv5ky73ss" path="res://Characters/Enemies/enemy.tscn" id="1_ngehh"]
[ext_resource type="PackedScene" uid="uid://blhecke1a573m" path="res://Characters/Enemies/Zombie/Zombie_Businessman.fbx" id="2_e0rn1"]
[ext_resource type="PackedScene" uid="uid://cklna0ujtsslx" path="res://Characters/hit_box.tscn" id="3_guj4q"]

[sub_resource type="BoxShape3D" id="BoxShape3D_e0rn1"]
size = Vector3(0.236084, 0.347778, 0.290283)

[sub_resource type="BoxShape3D" id="BoxShape3D_an7no"]
size = Vector3(0.32196, 0.719177, 0.32074)

[sub_resource type="CapsuleShape3D" id="CapsuleShape3D_guj4q"]
radius = 0.0702525
height = 0.376721

[sub_resource type="CapsuleShape3D" id="CapsuleShape3D_an7no"]
radius = 0.0609311
height = 0.581878

[sub_resource type="CapsuleShape3D" id="CapsuleShape3D_huhvp"]
radius = 0.072767
height = 0.443723

[sub_resource type="CapsuleShape3D" id="CapsuleShape3D_l55f8"]
radius = 0.0485349
height = 0.438492

[node name="Zombie" instance=ExtResource("1_ngehh")]

[node name="Zombie_Businessman" parent="Graphics" index="0" instance=ExtResource("2_e0rn1")]

[node name="Root" parent="Graphics/Zombie_Businessman" index="0"]
transform = Transform3D(0.945901, -0.00535529, -0.324413, -0.0605005, 0.979416, -0.192571, 0.318767, 0.20178, 0.926106, 0.00347505, -0.0668092, -0.171374)

[node name="Skeleton3D" parent="Graphics/Zombie_Businessman/Root" index="0"]
bones/1/rotation = Quaternion(0.120362, 0.992584, 0.0158786, 0.00617766)
bones/2/rotation = Quaternion(0.0330923, 0.999317, -0.0116483, 0.0116326)
bones/3/rotation = Quaternion(0.175544, 0.984341, 0.012155, 0.0104961)
bones/4/rotation = Quaternion(0.0254442, 0.0253126, -0.00973614, 0.999308)
bones/5/rotation = Quaternion(-0.075185, -0.682004, -0.109782, 0.719142)
bones/12/rotation = Quaternion(0.67827, 0.555676, 0.383526, 0.289969)
bones/13/rotation = Quaternion(-0.396774, 0.147679, 0.417126, 0.804218)
bones/14/rotation = Quaternion(-0.669602, -0.000201943, 0.000873859, 0.742719)
bones/15/rotation = Quaternion(-0.175425, 0.255914, -0.200036, 0.929365)
bones/16/rotation = Quaternion(-0.0769526, 0.0786731, 0.192348, 0.975137)
bones/17/rotation = Quaternion(-0.00332091, -0.0234582, 0.0466518, 0.99863)
bones/20/rotation = Quaternion(0.0691814, -0.103068, 0.0927656, 0.98792)
bones/21/rotation = Quaternion(0.00792778, -0.00430311, 0.17848, 0.983902)
bones/22/rotation = Quaternion(0.0177632, -0.00800742, 0.344246, 0.938677)
bones/25/rotation = Quaternion(0.138863, -0.00212934, 0.00531391, 0.990295)
bones/26/rotation = Quaternion(0.0111225, -0.00800757, 0.455346, 0.890209)
bones/27/rotation = Quaternion(0.00673584, -0.0235228, 0.155374, 0.987553)
bones/30/rotation = Quaternion(-0.433794, 0.340364, -0.634821, 0.541274)
bones/31/rotation = Quaternion(-0.401082, -0.0868227, -0.489502, 0.769404)
bones/32/rotation = Quaternion(-0.69529, 0.000295439, -0.000794736, 0.718729)
bones/33/rotation = Quaternion(-0.215917, -0.249714, -0.0592233, 0.94208)
bones/34/rotation = Quaternion(-0.284249, -0.0926022, -0.000435548, 0.954268)
bones/35/rotation = Quaternion(0.393111, 0.0956069, -0.0164782, 0.914359)
bones/38/rotation = Quaternion(0.202232, -0.038758, 0.168849, 0.963893)
bones/39/rotation = Quaternion(0.0163709, 0.00414059, -0.38126, 0.924314)
bones/40/rotation = Quaternion(0.0037276, 0.00849771, -0.0719591, 0.997364)
bones/43/rotation = Quaternion(0.195672, -0.0229972, 0.116005, 0.973512)
bones/44/rotation = Quaternion(0.0107497, 0.00746526, -0.500081, 0.86588)
bones/45/rotation = Quaternion(0.0162399, 0.0220559, -0.379794, 0.924665)
bones/48/rotation = Quaternion(0.588889, 0.241536, 0.767673, -0.0744913)
bones/49/rotation = Quaternion(-0.280475, 0.644982, -0.27103, 0.657171)
bones/50/rotation = Quaternion(-0.606192, 0.779043, -0.0753671, -0.141218)
bones/51/rotation = Quaternion(-1.1104e-06, 2.29432e-06, -0.270016, 0.962856)
bones/54/rotation = Quaternion(0.752883, 0.0693702, 0.564776, -0.33073)
bones/55/rotation = Quaternion(-0.286492, -0.633808, 0.273254, 0.664486)
bones/56/rotation = Quaternion(0.574205, 0.798603, -0.0944957, 0.153595)
bones/57/rotation = Quaternion(-0.00019693, 0.000692699, 0.274281, 0.961649)
bones/67/rotation = Quaternion(3.97539e-17, 1, 0, -1.33158e-07)

[node name="Head" type="BoneAttachment3D" parent="Graphics/Zombie_Businessman/Root/Skeleton3D" index="1"]
transform = Transform3D(0.997767, -0.00215599, 0.0667433, 0.00839622, 0.995596, -0.0933564, -0.0662481, 0.0937082, 0.993393, -0.0308697, 1.55583, 0.0890372)
bone_name = "head"
bone_idx = 5

[node name="HitBox" parent="Graphics/Zombie_Businessman/Root/Skeleton3D/Head" index="0" instance=ExtResource("3_guj4q")]
weak_spot = true

[node name="CollisionShape3D" parent="Graphics/Zombie_Businessman/Root/Skeleton3D/Head/HitBox" index="0"]
transform = Transform3D(1, 2.44721e-14, 0, -2.3054e-14, 1, 0, 0, -9.43601e-11, 1, -0.00134278, 0.0800171, 0.00109864)
shape = SubResource("BoxShape3D_e0rn1")

[node name="Spine" type="BoneAttachment3D" parent="Graphics/Zombie_Businessman/Root/Skeleton3D" index="2"]
transform = Transform3D(0.00844132, -0.0330088, 0.999419, 0.0913803, 0.995298, 0.0321009, -0.99578, 0.0910564, 0.011418, 7.72203e-10, 0.979042, -0.0155287)
bone_name = "spine_01"
bone_idx = 1

[node name="HitBox" parent="Graphics/Zombie_Businessman/Root/Skeleton3D/Spine" index="0" instance=ExtResource("3_guj4q")]

[node name="CollisionShape3D" parent="Graphics/Zombie_Businessman/Root/Skeleton3D/Spine/HitBox" index="0"]
transform = Transform3D(1.00001, -8.19564e-08, 0, 1.49012e-08, 1.00001, 2.66454e-14, 2.31637e-11, 6.03961e-14, 1, -0.00540162, 0.148591, -0.00497441)
shape = SubResource("BoxShape3D_an7no")

[node name="UpperArmL" type="BoneAttachment3D" parent="Graphics/Zombie_Businessman/Root/Skeleton3D" index="3"]
transform = Transform3D(0.830486, 0.463753, 0.308588, 0.438751, -0.885903, 0.150569, 0.343206, 0.0103485, -0.939202, 0.164124, 1.38982, 0.00130333)
bone_name = "UpperArm_L"
bone_idx = 13

[node name="HitBox" parent="Graphics/Zombie_Businessman/Root/Skeleton3D/UpperArmL" index="0" instance=ExtResource("3_guj4q")]

[node name="CollisionShape3D" parent="Graphics/Zombie_Businessman/Root/Skeleton3D/UpperArmL/HitBox" index="0"]
transform = Transform3D(1, -1.35533e-08, 3.49246e-10, 1.40062e-09, 1, 0, 0, 0, 1, -0.0181679, 0.0653858, 0.00122431)
shape = SubResource("CapsuleShape3D_guj4q")

[node name="UpperArmR" type="BoneAttachment3D" parent="Graphics/Zombie_Businessman/Root/Skeleton3D" index="4"]
transform = Transform3D(0.948632, -0.171497, -0.265869, -0.186122, -0.982048, -0.0306276, -0.255844, 0.0785388, -0.963522, -0.211202, 1.35926, -0.00315023)
bone_name = "UpperArm_R"
bone_idx = 31

[node name="HitBox" parent="Graphics/Zombie_Businessman/Root/Skeleton3D/UpperArmR" index="0" instance=ExtResource("3_guj4q")]
transform = Transform3D(1, 3.4961e-09, 2.32831e-10, -5.60249e-09, 1, -1.86265e-09, 1.16415e-10, 1.86265e-09, 1, 0.0481825, -0.00599888, -3.8445e-05)

[node name="CollisionShape3D" parent="Graphics/Zombie_Businessman/Root/Skeleton3D/UpperArmR/HitBox" index="0"]
transform = Transform3D(1, -1.13923e-08, 3.49246e-10, 1.83172e-09, 1, 3.72529e-09, -1.16415e-10, -3.72529e-09, 1, -0.0150422, 0.0995889, 0.00185527)
shape = SubResource("CapsuleShape3D_guj4q")

[node name="LowerArmL" type="BoneAttachment3D" parent="Graphics/Zombie_Businessman/Root/Skeleton3D" index="5"]
transform = Transform3D(0.830943, -0.259903, 0.491918, 0.437229, -0.241696, -0.866262, 0.344039, 0.934897, -0.0871982, 0.320795, 1.08866, 0.00297012)
bone_name = "lowerarm_l"
bone_idx = 14

[node name="HitBox" parent="Graphics/Zombie_Businessman/Root/Skeleton3D/LowerArmL" index="0" instance=ExtResource("3_guj4q")]

[node name="CollisionShape3D" parent="Graphics/Zombie_Businessman/Root/Skeleton3D/LowerArmL/HitBox" index="0"]
transform = Transform3D(1, 7.27596e-12, 1.16415e-10, 0, 1, 0, 0, 1.49012e-08, 1, -0.0225384, 0.0618885, -0.00425486)
shape = SubResource("CapsuleShape3D_an7no")

[node name="LowerArmR" type="BoneAttachment3D" parent="Graphics/Zombie_Businessman/Root/Skeleton3D" index="6"]
transform = Transform3D(0.948716, 0.260733, -0.178764, -0.184617, -0.00207326, -0.982807, -0.256621, 0.965408, 0.0461693, -0.268429, 1.02556, 0.0217574)
bone_name = "lowerarm_r"
bone_idx = 32

[node name="HitBox" parent="Graphics/Zombie_Businessman/Root/Skeleton3D/LowerArmR" index="0" instance=ExtResource("3_guj4q")]

[node name="CollisionShape3D" parent="Graphics/Zombie_Businessman/Root/Skeleton3D/LowerArmR/HitBox" index="0"]
transform = Transform3D(1, 7.27596e-12, 1.16415e-10, 0, 1, 0, 0, 1.49012e-08, 1, -0.0225384, 0.0618885, -0.00425486)
shape = SubResource("CapsuleShape3D_an7no")

[node name="ThighR" type="BoneAttachment3D" parent="Graphics/Zombie_Businessman/Root/Skeleton3D" index="7"]
transform = Transform3D(-0.94014, -0.283107, -0.18974, 0.124073, -0.802839, 0.583141, -0.317425, 0.524689, 0.789902, -0.0989671, 0.831558, -0.0204691)
bone_name = "Thigh_R"
bone_idx = 48

[node name="HitBox" parent="Graphics/Zombie_Businessman/Root/Skeleton3D/ThighR" index="0" instance=ExtResource("3_guj4q")]

[node name="CollisionShape3D" parent="Graphics/Zombie_Businessman/Root/Skeleton3D/ThighR/HitBox" index="0"]
transform = Transform3D(1, -3.50695e-10, -5.45697e-12, 1.72733e-09, 1, 0, 1.81899e-11, 0, 1, 0.00129493, 0.159392, -0.023487)
shape = SubResource("CapsuleShape3D_huhvp")

[node name="ThighL" type="BoneAttachment3D" parent="Graphics/Zombie_Businessman/Root/Skeleton3D" index="8"]
transform = Transform3D(-0.896303, 0.419645, 0.143291, -0.213442, -0.691526, 0.690096, 0.388684, 0.587953, 0.70939, 0.0989671, 0.831558, -0.0204691)
bone_name = "Thigh_L"
bone_idx = 54

[node name="HitBox" parent="Graphics/Zombie_Businessman/Root/Skeleton3D/ThighL" index="0" instance=ExtResource("3_guj4q")]

[node name="CollisionShape3D" parent="Graphics/Zombie_Businessman/Root/Skeleton3D/ThighL/HitBox" index="0"]
transform = Transform3D(1, -3.50695e-10, -5.45697e-12, 1.72733e-09, 1, 0, 1.81899e-11, 0, 1, 0.00129493, 0.159392, -0.023487)
shape = SubResource("CapsuleShape3D_huhvp")

[node name="CalfL" type="BoneAttachment3D" parent="Graphics/Zombie_Businessman/Root/Skeleton3D" index="9"]
transform = Transform3D(0.360712, 0.183887, 0.914366, -0.0391146, -0.976525, 0.211816, 0.931856, -0.112171, -0.345051, 0.266535, 0.555425, 0.214306)
bone_name = "calf_l"
bone_idx = 55

[node name="HitBox" parent="Graphics/Zombie_Businessman/Root/Skeleton3D/CalfL" index="0" instance=ExtResource("3_guj4q")]

[node name="CollisionShape3D" parent="Graphics/Zombie_Businessman/Root/Skeleton3D/CalfL/HitBox" index="0"]
transform = Transform3D(1, 0, 0, 7.45058e-09, 1, 0, 1.49012e-08, -1.86265e-09, 1, -0.012192, 0.207003, 0.00470015)
shape = SubResource("CapsuleShape3D_l55f8")

[node name="CalfR" type="BoneAttachment3D" parent="Graphics/Zombie_Businessman/Root/Skeleton3D" index="10"]
transform = Transform3D(0.315461, -0.0554479, -0.947325, 0.17339, -0.978116, 0.114992, -0.932963, -0.200531, -0.298946, -0.212014, 0.510977, 0.189044)
bone_name = "calf_r"
bone_idx = 49

[node name="HitBox" parent="Graphics/Zombie_Businessman/Root/Skeleton3D/CalfR" index="0" instance=ExtResource("3_guj4q")]

[node name="CollisionShape3D" parent="Graphics/Zombie_Businessman/Root/Skeleton3D/CalfR/HitBox" index="0"]
transform = Transform3D(1, 0, 0, 7.45058e-09, 1, 0, 1.49012e-08, -1.86265e-09, 1, -0.012192, 0.207003, 0.00470015)
shape = SubResource("CapsuleShape3D_l55f8")

[node name="AnimationPlayer" parent="Graphics/Zombie_Businessman" index="1"]
autoplay = "Root|Idle"

[editable path="Graphics/Zombie_Businessman"]
[editable path="Graphics/Zombie_Businessman/Root/Skeleton3D/Head/HitBox"]
[editable path="Graphics/Zombie_Businessman/Root/Skeleton3D/Spine/HitBox"]
[editable path="Graphics/Zombie_Businessman/Root/Skeleton3D/UpperArmL/HitBox"]
[editable path="Graphics/Zombie_Businessman/Root/Skeleton3D/UpperArmR/HitBox"]
[editable path="Graphics/Zombie_Businessman/Root/Skeleton3D/LowerArmL/HitBox"]
[editable path="Graphics/Zombie_Businessman/Root/Skeleton3D/LowerArmR/HitBox"]
[editable path="Graphics/Zombie_Businessman/Root/Skeleton3D/ThighR/HitBox"]
[editable path="Graphics/Zombie_Businessman/Root/Skeleton3D/ThighL/HitBox"]
[editable path="Graphics/Zombie_Businessman/Root/Skeleton3D/CalfL/HitBox"]
[editable path="Graphics/Zombie_Businessman/Root/Skeleton3D/CalfR/HitBox"]
